INIT, 0.0, 0.86298, 1.0, 0.76812, 0.36336, 0.0, 0.93829, 1.0, 0.70392, 0.24149
INIT, 0.0, 0.85183, 1.0, 0.7974, 0.41318, 0.0, 0.94217, 1.0, 0.69784, 0.25394
INIT, 0.43581, 1.0, 0.97095, 0.66202, 0.0, 0.21532, 0.95951, 1.0, 0.57889, 0.0
INIT, 0.15998, 0.68578, 1.0, 0.60796, 0.0, 0.01733, 0.75918, 1.0, 0.64665, 0.0
INIT, 0.0, 0.86036, 1.0, 0.7857, 0.58553, 0.27396, 0.65761, 1.0, 0.0927, 0.0
INIT, 0.0, 0.86302, 1.0, 0.84229, 0.63347, 0.0, 0.84104, 1.0, 0.74998, 0.45136
INIT, 0.0, 0.87884, 1.0, 0.85414, 0.61112, 0.0, 0.88042, 1.0, 0.85956, 0.48024
INIT, 0.64306, 0.57504, 1.0, 0.47374, 0.0, 0.0, 0.72549, 1.0, 0.60874, 0.15161
ALCOHOL, 0.44554, 1.0, 0.06415, 0.0, 0.03605, 0.85286, 1.0, 0.85611, 0.24621, 0.0
ALCOHOL, 0.38718, 1.0, 0.13643, 0.0, 0.04792, 0.76558, 1.0, 0.90279, 0.44856, 0.0
ALCOHOL, 0.60139, 1.0, 0.3101, 0.16977, 0.0, 0.92758, 0.60177, 0.46513, 1.0, 0.0
ALCOHOL, 0.20869, 1.0, 0.0, 0.07403, 0.16065, 1.0, 0.50534, 0.22079, 0.0, 0.11015
ALCOHOL, 0.23109, 1.0, 0.0, 0.05992, 0.05456, 1.0, 0.753, 0.65563, 0.35703, 0.0
ALCOHOL, 0.10143, 1.0, 0.49823, 0.1626, 0.0, 1.0, 0.27715, 0.0, 0.09357, 0.43991
NON-ALCOHOL, 0.24076, 0.98028, 1.0, 0.02059, 0.0, 0.71982, 0.0, 0.25438, 0.56936, 1.0
NON-ALCOHOL, 0.11736, 0.93082, 1.0, 0.20833, 0.0, 0.95207, 1.0, 0.98728, 0.55896, 0.0
NON-ALCOHOL, 0.23946, 0.9536, 1.0, 0.13224, 0.0, 1.0, 0.73393, 0.61563, 0.35585, 0.0
NON-ALCOHOL, 0.1355, 0.93518, 1.0, 0.11626, 0.0, 1.0, 0.41803, 0.39924, 0.26205, 0.0
NON-ALCOHOL, 0.21269, 0.91876, 1.0, 0.14816, 0.0, 1.0, 0.4836, 0.45601, 0.28182, 0.0
NON-ALCOHOL, 0.0, 0.96061, 1.0, 0.17452, 0.11862, 1.0, 0.90849, 0.38509, 0.23952, 0.0
FOOD, 0.0, 0.90039, 1.0, 0.82443, 0.55047, 1.0, 0.54885, 0.54355, 0.35461, 0.0
FOOD, 0.0, 0.90769, 1.0, 0.86641, 0.62043, 1.0, 0.58005, 0.56269, 0.33573, 0.0
FOOD, 0.0, 0.86054, 1.0, 0.86981, 0.60204, 1.0, 0.49267, 0.46644, 0.28921, 0.0
FOOD, 0.0, 0.98171, 1.0, 0.96603, 0.0336, 1.0, 0.70227, 0.56197, 0.27406, 0.0
FOOD, 0.0, 0.92887, 1.0, 0.92556, 0.10467, 1.0, 0.84429, 0.69977, 0.36234, 0.0
FOOD, 0.0, 0.94694, 1.0, 0.94579, 0.0747, 1.0, 0.81503, 0.7551, 0.4483, 0.0
UNDO, 1.0, 0.37121, 0.27354, 0.11024, 0.0, 1.0, 0.39583, 0.23127, 0.0, 0.08495
UNDO, 1.0, 0.35671, 0.24858, 0.09619, 0.0, 1.0, 0.27538, 0.16257, 0.0, 0.07895
UNDO, 1.0, 0.31065, 0.26608, 0.16087, 0.0, 1.0, 0.45444, 0.50422, 0.36339, 0.0
UNDO, 1.0, 0.24108, 0.18298, 0.03023, 0.0, 1.0, 0.62486, 0.55988, 0.31969, 0.0
UNDO, 1.0, 0.27496, 0.22271, 0.06534, 0.0, 0.80006, 0.92365, 1.0, 0.47893, 0.0
UNDO, 1.0, 0.21418, 0.15896, 0.01945, 0.0, 1.0, 0.70588, 0.52371, 0.44085, 0.0
CHECKOUT, 1.0, 0.27535, 0.16121, 0.0, 0.1532, 1.0, 0.22411, 0.22389, 0.10953, 0.0
CHECKOUT, 1.0, 0.30803, 0.1978, 0.0, 0.105, 1.0, 0.27784, 0.25626, 0.15452, 0.0
CHECKOUT, 1.0, 0.37172, 0.20681, 0.0, 0.13618, 1.0, 0.10442, 0.09428, 0.06147, 0.0
CHECKOUT, 0.6395, 0.73653, 1.0, 0.52525, 0.0, 1.0, 0.11878, 0.07114, 0.0, 0.0438
CHECKOUT, 1.0, 0.90584, 0.7973, 0.22311, 0.0, 1.0, 0.05692, 0.0119, 0.0, 0.11828
CHECKOUT, 1.0, 0.49836, 0.36546, 0.02741, 0.0, 1.0, 0.02516, 0.0, 0.048, 0.14498
CHECKOUT, 1.0, 0.92843, 0.89425, 0.51997, 0.0, 1.0, 0.00329, 0.0, 0.04103, 0.11354
CASH, 0.18891, 1.0, 0.0, 0.10086, 0.87663, 1.0, 0.0, 0.08608, 0.43582, 0.78165
CASH, 0.43039, 0.99417, 0.06561, 0.0, 1.0, 1.0, 0.0, 0.01069, 0.26078, 0.51919
CASH, 0.45179, 1.0, 0.05404, 0.0, 0.99929, 0.07037, 0.04617, 0.0, 0.48966, 1.0
CASH, 0.30617, 1.0, 0.15893, 0.0, 0.83165, 1.0, 0.57583, 0.51091, 0.28594, 0.0
CASH, 0.2438, 1.0, 0.1684, 0.0, 0.90454, 1.0, 0.54007, 0.47905, 0.23233, 0.0
CASH, 0.0, 1.0, 0.27502, 0.07001, 0.82726, 1.0, 0.54438, 0.49945, 0.26753, 0.0
CREDIT, 1.0, 0.80808, 0.75731, 0.32307, 0.0, 0.0, 1.0, 0.28438, 0.25908, 0.14239
CREDIT, 1.0, 0.63722, 0.54617, 0.23376, 0.0, 0.77321, 1.0, 0.17961, 0.06435, 0.0
CREDIT, 0.43008, 0.88605, 1.0, 0.72816, 0.0, 0.6827, 1.0, 0.0, 0.14152, 0.23789
CREDIT, 1.0, 0.4013, 0.38712, 0.24716, 0.0, 0.88779, 1.0, 0.0, 0.10048, 0.20157
CREDIT, 1.0, 0.44741, 0.41712, 0.23111, 0.0, 1.0, 0.90673, 0.0, 0.13309, 0.18668
CREDIT, 1.0, 0.40677, 0.1939, 0.06588, 0.0, 1.0, 0.90234, 0.0, 0.08575, 0.12352
INIT, 0.0, 0.84855, 1.0, 0.89188, 0.80637, 0.50705, 1.0, 0.96983, 0.34028, 0.0
INIT, 0.36138, 0.6202, 1.0, 0.48537, 0.0, 0.0, 0.76179, 1.0, 0.58643, 0.10904
INIT, 0.9103, 0.73137, 1.0, 0.43754, 0.0, 0.00267, 0.68329, 1.0, 0.39084, 0.0
ALCOHOL, 0.20516, 1.0, 0.17736, 0.10311, 0.0, 1.0, 0.0, 0.17882, 0.50368, 0.7239
ALCOHOL, 0.22959, 1.0, 0.1771, 0.10677, 0.0, 1.0, 0.0, 0.29957, 0.69724, 0.90949
ALCOHOL, 0.0, 1.0, 0.08321, 0.12948, 0.19731, 1.0, 0.0, 0.18943, 0.45539, 0.6444
NON-ALCOHOL, 0.0, 1.0, 0.97972, 0.20959, 0.21019, 1.0, 0.0, 0.29766, 0.84402, 0.98246
NON-ALCOHOL, 0.0, 1.0, 0.9687, 0.03511, 0.06994, 1.0, 0.0, 0.2896, 0.8084, 0.95382
NON-ALCOHOL, 0.16013, 1.0, 0.95456, 0.0, 0.19203, 0.94814, 0.0, 0.26844, 0.86812, 1.0
FOOD, 0.23942, 0.90312, 1.0, 0.87891, 0.0, 1.0, 0.19559, 0.0, 0.3055, 0.4736
FOOD, 0.14485, 0.89424, 1.0, 0.7922, 0.0, 1.0, 0.0, 0.07563, 0.29347, 0.42649
FOOD, 0.0, 0.88406, 1.0, 0.81419, 0.00031, 1.0, 0.0, 0.31334, 0.71894, 0.87609
UNDO, 1.0, 0.17271, 0.1508, 0.06871, 0.0, 0.0, 1.0, 0.72555, 0.90316, 0.28947
UNDO, 1.0, 0.15917, 0.15141, 0.06809, 0.0, 0.11625, 0.86346, 1.0, 0.4849, 0.0
UNDO, 1.0, 0.13827, 0.13047, 0.05871, 0.0, 0.0729, 0.8439, 1.0, 0.51905, 0.0
CHECKOUT, 1.0, 0.1645, 0.0, 0.00775, 0.41118, 1.0, 0.02346, 0.0, 0.04224, 0.09923
CHECKOUT, 1.0, 0.20521, 0.0, 0.09895, 0.38504, 1.0, 0.0, 0.09866, 0.24826, 0.32921
CASH, 0.30516, 1.0, 0.0, 0.01416, 0.63597, 1.0, 0.0, 0.22385, 0.38167, 0.38555
CASH, 0.03591, 1.0, 0.0, 0.056, 0.64115, 0.16535, 0.0, 0.40047, 0.9588, 1.0
CASH, 0.0, 1.0, 0.0531, 0.09819, 0.6515, 0.42914, 0.0, 0.3983, 0.91624, 1.0
CREDIT, 0.99111, 1.0, 0.84491, 0.45253, 0.0, 1.0, 0.84319, 0.0, 0.05485, 0.14654
CREDIT, 0.93541, 1.0, 0.86809, 0.40671, 0.0, 1.0, 0.81976, 0.0, 0.06916, 0.16801
CREDIT, 1.0, 0.0, 0.11007, 0.25323, 0.25137, 1.0, 0.2331, 0.04246, 0.07577, 0.0
INIT, 0.0, 0.87432, 1.0, 0.84679, 0.50294, 0.0, 0.87389, 1.0, 0.81148, 0.38709
INIT, 0.0, 0.87521, 1.0, 0.84092, 0.48932, 0.0, 0.86717, 1.0, 0.81024, 0.3788
INIT, 0.0, 0.88056, 1.0, 0.81755, 0.44809, 0.0, 0.87293, 1.0, 0.78339, 0.29387
ALCOHOL, 0.31688, 1.0, 0.39888, 0.20708, 0.0, 1.0, 0.02723, 0.0, 0.24571, 0.49932
ALCOHOL, 0.13796, 1.0, 0.2185, 0.10771, 0.0, 1.0, 0.17858, 0.0, 0.23986, 0.48023
ALCOHOL, 0.21485, 1.0, 0.21044, 0.10855, 0.0, 1.0, 0.13964, 0.0, 0.25452, 0.5043
NON-ALCOHOL, 0.31191, 1.0, 0.99934, 0.0, 0.01315, 0.30718, 0.95274, 1.0, 0.47183, 0.0
NON-ALCOHOL, 0.2597, 1.0, 0.99756, 0.0, 0.02942, 0.82409, 1.0, 0.63001, 0.42955, 0.0
NON-ALCOHOL, 0.31271, 1.0, 0.99995, 0.0, 0.03695, 0.92133, 0.80108, 1.0, 0.6245, 0.0
FOOD, 0.13271, 0.96126, 1.0, 0.94825, 0.0, 1.0, 0.29535, 0.28575, 0.0, 0.60144
FOOD, 0.14523, 0.96206, 1.0, 0.93774, 0.0, 0.39999, 0.32186, 1.0, 0.55971, 0.0
FOOD, 0.0891, 0.96356, 1.0, 0.93937, 0.0, 0.42714, 0.09936, 1.0, 0.56113, 0.0
UNDO, 1.0, 0.25424, 0.2095, 0.07451, 0.0, 0.23256, 0.94814, 1.0, 0.65748, 0.0
UNDO, 1.0, 0.23546, 0.19907, 0.08201, 0.0, 0.2011, 0.9296, 1.0, 0.85731, 0.0
UNDO, 1.0, 0.24081, 0.19778, 0.07977, 0.0, 0.07242, 0.8485, 0.95544, 1.0, 0.0
CHECKOUT, 0.42327, 1.0, 0.93226, 0.46863, 0.0, 1.0, 0.20616, 0.18411, 0.11546, 0.0
CHECKOUT, 0.25729, 1.0, 0.9115, 0.4762, 0.0, 1.0, 0.18163, 0.05103, 0.0, 0.12115
CHECKOUT, 0.40292, 1.0, 0.90719, 0.45131, 0.0, 1.0, 0.1596, 0.0, 0.01815, 0.15983
CASH, 0.1364, 1.0, 0.1467, 0.0, 0.8892, 1.0, 0.0, 0.01384, 0.19354, 0.35577
CASH, 0.13748, 1.0, 0.17254, 0.0, 0.90307, 1.0, 0.0, 0.0052, 0.19618, 0.33846
CASH, 0.14228, 1.0, 0.12525, 0.0, 0.90108, 1.0, 0.0, 0.02225, 0.20384, 0.36877
CREDIT, 1.0, 0.78347, 0.36531, 0.0, 0.2934, 0.97171, 1.0, 0.0, 0.10754, 0.14122
CREDIT, 0.16486, 1.0, 0.68821, 0.26071, 0.0, 0.95841, 1.0, 0.0, 0.11259, 0.14954
CREDIT, 0.36027, 1.0, 0.74937, 0.29959, 0.0, 1.0, 0.98463, 0.0, 0.07763, 0.07659
INIT, 0.0, 0.78371, 1.0, 0.85533, 0.58074, 0.0, 0.85493, 1.0, 0.78166, 0.46262
INIT, 0.0, 0.78435, 1.0, 0.80173, 0.38573, 0.0, 0.84872, 1.0, 0.81306, 0.40077
INIT, 0.0, 0.923, 1.0, 0.86311, 0.74584, 0.0, 0.79696, 1.0, 0.68477, 0.4535
ALCOHOL, 0.43683, 1.0, 0.0, 0.07497, 0.19269, 1.0, 0.3377, 0.1944, 0.0, 0.23161
ALCOHOL, 0.3937, 1.0, 0.0, 0.06808, 0.18259, 1.0, 0.47274, 0.22793, 0.0, 0.14378
ALCOHOL, 0.36524, 1.0, 0.0, 0.07368, 0.1864, 1.0, 0.53418, 0.3632, 0.0, 0.19494
NON-ALCOHOL, 0.23372, 0.91841, 1.0, 0.96237, 0.0, 1.0, 0.2001, 0.00595, 0.0, 0.20866
NON-ALCOHOL, 0.21714, 0.91673, 1.0, 0.95827, 0.0, 1.0, 0.22138, 0.04787, 0.0, 0.19393
NON-ALCOHOL, 0.22339, 0.91517, 1.0, 0.9616, 0.0, 1.0, 0.20361, 0.0285, 0.0, 0.18046
FOOD, 0.25729, 1.0, 0.98828, 0.92692, 0.0, 1.0, 0.14113, 0.0, 0.01906, 0.24483
FOOD, 0.29065, 0.99761, 1.0, 0.93222, 0.0, 1.0, 0.2289, 0.00316, 0.0, 0.22122
FOOD, 0.29092, 0.98017, 1.0, 0.92427, 0.0, 1.0, 0.26157, 0.0, 0.01953, 0.23277
UNDO, 1.0, 0.05143, 0.0, 0.03226, 0.03363, 1.0, 0.24491, 0.0, 0.10007, 0.34289
UNDO, 1.0, 0.0941, 0.01466, 0.00316, 0.0, 1.0, 0.23232, 0.0, 0.0674, 0.32021
UNDO, 1.0, 0.13979, 0.03027, 0.0, 0.0441, 1.0, 0.23545, 0.0, 0.05348, 0.31238
CHECKOUT, 1.0, 0.55475, 0.32738, 0.29127, 0.0, 1.0, 0.15014, 0.0, 0.10365, 0.24467
CHECKOUT, 1.0, 0.40105, 0.00352, 0.09698, 0.0, 1.0, 0.23754, 0.09863, 0.0, 0.0693
CHECKOUT, 1.0, 0.38653, 0.00349, 0.08672, 0.0, 1.0, 0.26063, 0.17777, 0.02111, 0.0
CHECKOUT, 1.0, 0.49854, 0.0, 0.1437, 0.03259, 1.0, 0.27141, 0.1293, 0.0, 0.08252
CASH, 1.0, 0.3668, 0.20013, 0.0, 0.75388, 0.71922, 1.0, 0.83029, 0.48113, 0.0
CASH, 1.0, 0.31941, 0.17921, 0.0, 0.64968, 1.0, 0.53348, 0.37604, 0.0, 0.10805
CASH, 1.0, 0.25292, 0.10585, 0.0, 0.74011, 1.0, 0.34279, 0.20102, 0.0, 0.1514
CREDIT, 1.0, 0.32997, 0.16809, 0.0, 0.19199, 0.99153, 1.0, 0.0, 0.0011, 0.09612
CREDIT, 1.0, 0.26056, 0.09475, 0.0, 0.19878, 1.0, 0.99618, 0.0, 0.00472, 0.09593
CREDIT, 1.0, 0.24411, 0.05794, 0.0, 0.25301, 1.0, 0.95847, 0.0, 0.03504, 0.114
INIT, 0.0, 0.86376, 1.0, 0.83941, 0.50103, 0.0, 0.87462, 1.0, 0.79944, 0.43296
INIT, 0.0, 0.83968, 1.0, 0.83638, 0.47124, 0.0, 0.85024, 1.0, 0.80648, 0.45615
INIT, 0.0, 0.85127, 1.0, 0.83064, 0.45971, 0.0, 0.85475, 1.0, 0.80865, 0.47046
ALCOHOL, 0.34841, 1.0, 0.0, 0.01401, 0.01665, 1.0, 0.03962, 0.0, 0.06886, 0.1435
ALCOHOL, 0.3635, 1.0, 0.0, 0.00346, 0.01604, 1.0, 0.05464, 0.0, 0.04553, 0.14348
ALCOHOL, 0.37273, 1.0, 0.01254, 0.0, 0.03937, 1.0, 0.0566, 0.0, 0.07888, 0.14338
NON-ALCOHOL, 0.06276, 0.99476, 1.0, 0.0, 0.13992, 1.0, 0.12772, 0.0, 0.07491, 0.14232
NON-ALCOHOL, 0.02397, 0.99197, 1.0, 0.0, 0.14099, 1.0, 0.15024, 0.0, 0.10837, 0.20349
NON-ALCOHOL, 0.00303, 0.99217, 1.0, 0.0, 0.12784, 1.0, 0.1893, 0.0, 0.18929, 0.32736
FOOD, 0.0, 0.95123, 1.0, 0.90393, 0.02107, 1.0, 0.17753, 0.0, 0.15947, 0.29086
FOOD, 0.01531, 0.94677, 1.0, 0.92719, 0.0, 1.0, 0.17631, 0.0, 0.18373, 0.31826
FOOD, 0.01104, 0.94808, 1.0, 0.91696, 0.0, 1.0, 0.17365, 0.0, 0.1648, 0.2872
UNDO, 1.0, 0.0905, 0.00835, 0.0, 0.06991, 1.0, 0.20779, 0.05244, 0.0, 0.06431
UNDO, 1.0, 0.18785, 0.13938, 0.0, 0.14513, 1.0, 0.25124, 0.08964, 0.0, 0.12026
UNDO, 1.0, 0.19145, 0.13141, 0.0, 0.09171, 1.0, 0.14148, 0.00628, 0.0, 0.09449
CHECKOUT, 1.0, 0.0, 0.07017, 0.17671, 0.54124, 1.0, 0.18501, 0.11242, 0.0, 0.03129
CHECKOUT, 1.0, 0.0, 0.09502, 0.26009, 0.55735, 1.0, 0.17738, 0.10308, 0.0, 0.03764
CHECKOUT, 1.0, 0.0, 0.07252, 0.2403, 0.52664, 1.0, 0.19083, 0.12363, 0.0, 0.04387
CASH, 0.19459, 1.0, 0.18174, 0.0, 0.85736, 1.0, 0.19841, 0.0, 0.12098, 0.40897
CASH, 0.21476, 1.0, 0.14671, 0.0, 0.8625, 1.0, 0.21411, 0.0, 0.08228, 0.35073
CASH, 0.42126, 1.0, 0.17249, 0.0, 0.86552, 1.0, 0.21564, 0.0, 0.10685, 0.36829
CREDIT, 1.0, 0.50227, 0.29675, 0.0, 0.30753, 1.0, 0.99424, 0.13107, 0.0, 0.11514
CREDIT, 1.0, 0.53042, 0.20379, 0.0, 0.46616, 0.9983, 1.0, 0.12545, 0.0, 0.11461
CREDIT, 1.0, 0.61678, 0.3275, 0.0, 0.44776, 0.98532, 1.0, 0.09699, 0.0, 0.10606
INIT, 1.0, 0.0, 0.68591, 0.30862, 0.99364, 1.0, 0.0, 0.01603, 0.14197, 0.15575
INIT, 0.0, 0.78457, 1.0, 0.76208, 0.38034, 0.0, 0.7918, 1.0, 0.63434, 0.23608
INIT, 0.0, 1.0, 0.51877, 0.58414, 0.03405, 0.0, 0.98931, 1.0, 0.77116, 0.17263
INIT, 0.0, 0.77269, 1.0, 0.75956, 0.33122, 0.0, 0.80319, 1.0, 0.73184, 0.32958
ALCOHOL, 0.16268, 1.0, 0.48356, 0.26357, 0.0, 1.0, 0.66526, 0.58395, 0.30702, 0.0
ALCOHOL, 0.15963, 1.0, 0.48119, 0.25441, 0.0, 1.0, 0.68222, 0.60795, 0.32328, 0.0
ALCOHOL, 0.11445, 1.0, 0.4718, 0.25942, 0.0, 1.0, 0.66101, 0.57481, 0.30149, 0.0
NON-ALCOHOL, 0.27544, 0.9608, 1.0, 0.0, 0.11265, 1.0, 0.33182, 0.31883, 0.1904, 0.0
NON-ALCOHOL, 0.30758, 0.96576, 1.0, 0.0, 0.10271, 0.48019, 0.83393, 1.0, 0.53618, 0.0
NON-ALCOHOL, 0.11695, 0.96771, 1.0, 0.0, 0.12408, 0.47283, 0.08599, 1.0, 0.53906, 0.0
FOOD, 0.15194, 0.92828, 1.0, 0.92636, 0.0, 0.35075, 1.0, 0.79683, 0.83604, 0.0
FOOD, 0.0, 0.92974, 1.0, 0.91524, 0.00294, 0.6577, 1.0, 0.66439, 0.92651, 0.0
FOOD, 0.0, 0.94473, 1.0, 0.92057, 0.17475, 0.76221, 1.0, 0.80006, 0.74015, 0.0
UNDO, 1.0, 0.15465, 0.13599, 0.08717, 0.0, 0.74136, 1.0, 0.74359, 0.80602, 0.0
UNDO, 1.0, 0.19433, 0.15573, 0.07788, 0.0, 0.29813, 1.0, 0.69084, 0.74057, 0.0
UNDO, 1.0, 0.15674, 0.13413, 0.08219, 0.0, 0.27652, 1.0, 0.72848, 0.74324, 0.0
CHECKOUT, 1.0, 0.10942, 0.0, 0.16156, 0.26807, 1.0, 0.3985, 0.30972, 0.13219, 0.0
CHECKOUT, 1.0, 0.23748, 0.08786, 0.00267, 0.0, 1.0, 0.39412, 0.30647, 0.13181, 0.0
CHECKOUT, 1.0, 0.19696, 0.12744, 0.10654, 0.0, 1.0, 0.08681, 0.0, 0.07114, 0.08438
CASH, 1.0, 0.17983, 0.12364, 0.0, 0.17602, 1.0, 0.11262, 0.0, 0.21716, 0.54871
CASH, 1.0, 0.1857, 0.14153, 0.0, 0.19877, 1.0, 0.05057, 0.0, 0.25471, 0.60752
CASH, 1.0, 0.18566, 0.14007, 0.0, 0.212, 1.0, 0.09445, 0.0, 0.18209, 0.51338
CREDIT, 1.0, 0.0, 0.23117, 0.53949, 0.74587, 1.0, 0.95436, 0.0, 0.07281, 0.14758
CREDIT, 1.0, 0.0, 0.2027, 0.49356, 0.7091, 0.99975, 1.0, 0.0, 0.11146, 0.15149
CREDIT, 1.0, 0.0, 0.22679, 0.53963, 0.73855, 0.97726, 1.0, 0.0, 0.10901, 0.15417
INIT, 0.0, 0.80326, 1.0, 0.78606, 0.37667, 0.0, 0.78583, 1.0, 0.72045, 0.33101
INIT, 0.0, 0.80044, 1.0, 0.7672, 0.39177, 0.0, 0.78531, 1.0, 0.699, 0.26656
INIT, 0.0, 0.79704, 1.0, 0.74859, 0.38138, 0.0, 0.81799, 1.0, 0.71806, 0.27893
ALCOHOL, 0.22211, 1.0, 0.33829, 0.18443, 0.0, 1.0, 0.73405, 0.10036, 0.23052, 0.0
ALCOHOL, 0.17775, 1.0, 0.33976, 0.18966, 0.0, 0.8859, 1.0, 0.95434, 0.48788, 0.0
ALCOHOL, 0.13678, 1.0, 0.3216, 0.17966, 0.0, 1.0, 0.99709, 0.91154, 0.0397, 0.0
NON-ALCOHOL, 0.0, 1.0, 0.05933, 0.26687, 0.71429, 1.0, 0.19142, 0.0, 0.06641, 0.46287
NON-ALCOHOL, 0.0, 0.99488, 0.02559, 1.0, 0.73914, 1.0, 0.27651, 0.0, 0.17458, 0.47859
NON-ALCOHOL, 0.0, 0.9804, 0.01118, 1.0, 0.75135, 1.0, 0.38762, 0.26732, 0.0, 0.39971
FOOD, 1.0, 0.25653, 0.0, 0.87372, 0.74307, 1.0, 0.0, 0.11236, 0.46306, 0.77082
FOOD, 0.52821, 0.12318, 0.0, 1.0, 0.76441, 1.0, 0.0, 0.17857, 0.54073, 0.8383
FOOD, 0.43902, 0.08789, 0.0, 1.0, 0.79992, 1.0, 0.0, 0.20682, 0.63171, 0.9718
UNDO, 0.62877, 0.25013, 0.15366, 0.0, 1.0, 1.0, 0.30633, 0.19582, 0.0, 0.30761
UNDO, 0.5944, 0.26608, 0.1415, 0.0, 1.0, 1.0, 0.17418, 0.0, 0.09461, 0.38385
UNDO, 0.60013, 0.27072, 0.13855, 0.0, 1.0, 1.0, 0.07281, 0.0, 0.10592, 0.42484
UNDO, 0.54022, 0.26458, 0.1337, 0.0, 1.0, 1.0, 0.21957, 0.0, 0.53793, 0.56304
CHECKOUT, 0.83681, 0.29987, 0.0, 1.0, 0.90888, 1.0, 0.37632, 0.32477, 0.09968, 0.0
CHECKOUT, 0.71216, 1.0, 0.81161, 0.30019, 0.0, 1.0, 0.28026, 0.24758, 0.0, 0.07877
CHECKOUT, 0.62481, 1.0, 0.72412, 0.27279, 0.0, 1.0, 0.31325, 0.28656, 0.0, 0.13795
CASH, 0.03807, 1.0, 0.06937, 0.0, 0.88838, 0.77246, 0.95976, 1.0, 0.0, 0.24107
CASH, 0.0, 1.0, 0.17034, 0.03541, 0.87755, 1.0, 0.73928, 0.95392, 0.0, 0.28904
CASH, 0.0, 1.0, 0.08836, 0.00094, 0.8649, 0.90588, 0.98251, 1.0, 0.0, 0.1389
CREDIT, 0.34913, 0.31139, 1.0, 0.62338, 0.0, 0.84022, 0.88046, 1.0, 0.10747, 0.0
CREDIT, 1.0, 0.0, 0.03229, 0.34727, 0.51011, 0.93215, 0.88348, 1.0, 0.06891, 0.0
CREDIT, 0.0, 0.71603, 0.89071, 1.0, 0.91122, 0.90722, 0.8935, 1.0, 0.0725, 0.0
INIT, 0.0, 0.77968, 1.0, 0.75704, 0.41397, 0.0, 0.85995, 1.0, 0.66011, 0.39189
INIT, 0.0, 0.81478, 1.0, 0.69181, 0.19776, 0.0, 0.85914, 1.0, 0.64162, 0.33337
INIT, 0.0, 0.83375, 1.0, 0.614, 0.13676, 0.0, 0.86805, 1.0, 0.5577, 0.07799
ALCOHOL, 0.0, 1.0, 0.52372, 0.30961, 0.0212, 1.0, 0.22917, 0.05308, 0.0, 0.27128
ALCOHOL, 0.0, 1.0, 0.65656, 0.45917, 0.12873, 1.0, 0.41007, 0.23098, 0.0, 0.27922
ALCOHOL, 0.0, 1.0, 0.61701, 0.37256, 0.04055, 1.0, 0.38358, 0.19166, 0.0, 0.28745
NON-ALCOHOL, 0.32241, 0.97071, 1.0, 0.00852, 0.0, 1.0, 0.32583, 0.21318, 0.0, 0.11996
NON-ALCOHOL, 0.17324, 0.9461, 1.0, 0.11436, 0.0, 1.0, 0.29733, 0.18231, 0.0, 0.0997
NON-ALCOHOL, 0.1681, 0.94509, 1.0, 0.10531, 0.0, 1.0, 0.35338, 0.18093, 0.0, 0.2274
FOOD, 0.17919, 0.97608, 1.0, 0.9569, 0.0, 1.0, 0.26622, 0.12284, 0.0, 0.21682
FOOD, 0.17401, 0.97202, 1.0, 0.9565, 0.0, 1.0, 0.31823, 0.17124, 0.0, 0.21549
FOOD, 0.12613, 0.97578, 1.0, 0.9484, 0.0, 1.0, 0.40578, 0.21769, 0.0, 0.21165
UNDO, 1.0, 0.06699, 0.04601, 0.0, 0.02528, 1.0, 0.48586, 0.29941, 0.0, 0.17406
UNDO, 1.0, 0.02319, 0.0, 0.05601, 0.1824, 1.0, 0.41242, 0.31065, 0.0, 0.06243
UNDO, 1.0, 0.04964, 0.0, 0.09316, 0.23673, 1.0, 0.26926, 0.1359, 0.0, 0.16291
CHECKOUT, 1.0, 0.28009, 0.0, 0.30211, 0.61643, 1.0, 0.10937, 0.0307, 0.0, 0.1468
CHECKOUT, 1.0, 0.23564, 0.0, 0.28591, 0.58351, 1.0, 0.1833, 0.11739, 0.0, 0.09431
CHECKOUT, 1.0, 0.25211, 0.0, 0.24491, 0.56583, 1.0, 0.19188, 0.11174, 0.0, 0.13415
CASH, 0.28803, 1.0, 0.41202, 0.9713, 0.0, 0.44298, 0.87468, 1.0, 0.50583, 0.0
CASH, 0.35509, 1.0, 0.50239, 0.96659, 0.0, 0.46456, 0.88279, 1.0, 0.51341, 0.0
CASH, 0.33212, 1.0, 0.42159, 0.96277, 0.0, 0.45587, 0.88023, 1.0, 0.48012, 0.0
CREDIT, 0.41011, 0.9301, 1.0, 0.5734, 0.0, 0.99894, 1.0, 0.0, 0.04717, 0.18564
CREDIT, 0.0, 0.89696, 1.0, 0.66981, 0.13685, 0.99089, 1.0, 0.0, 0.06287, 0.20887
CREDIT, 0.0, 0.87485, 1.0, 0.68975, 0.14011, 0.99446, 1.0, 0.0, 0.09533, 0.23329
INIT, 0.0, 0.81163, 1.0, 0.76079, 0.32604, 0.0, 0.81004, 1.0, 0.81699, 0.45203
INIT, 0.0, 0.83939, 1.0, 0.74733, 0.29647, 0.0, 0.7887, 1.0, 0.81854, 0.42327
INIT, 0.0, 0.84449, 1.0, 0.75797, 0.34273, 0.0, 0.82263, 1.0, 0.82181, 0.44086
ALCOHOL, 0.27407, 1.0, 0.01668, 0.0, 0.06958, 1.0, 0.0, 0.06841, 0.12514, 0.1742
ALCOHOL, 0.14597, 1.0, 0.29908, 0.17022, 0.0, 0.44858, 1.0, 0.75288, 0.34048, 0.0
ALCOHOL, 0.10562, 1.0, 0.30893, 0.17322, 0.0, 0.69098, 1.0, 0.77591, 0.35856, 0.0
NON-ALCOHOL, 0.17764, 0.96162, 1.0, 0.13007, 0.0, 0.5801, 1.0, 0.75197, 0.39879, 0.0
NON-ALCOHOL, 0.0, 0.99386, 1.0, 0.14253, 0.006, 0.84455, 1.0, 0.79981, 0.39698, 0.0
NON-ALCOHOL, 0.15481, 0.96282, 1.0, 0.12249, 0.0, 0.73716, 1.0, 0.74649, 0.35805, 0.0
FOOD, 0.08896, 0.98065, 1.0, 0.94151, 0.0, 0.22893, 1.0, 0.71352, 0.25725, 0.0
FOOD, 0.15462, 0.97576, 1.0, 0.90806, 0.0, 0.92112, 1.0, 0.79806, 0.42057, 0.0
FOOD, 0.31505, 1.0, 0.99226, 0.95127, 0.0, 1.0, 0.89021, 0.80271, 0.43787, 0.0
UNDO, 1.0, 0.21129, 0.17395, 0.02312, 0.0, 1.0, 0.46981, 0.35847, 0.14678, 0.0
UNDO, 1.0, 0.19036, 0.17523, 0.0, 0.00293, 1.0, 0.90726, 0.65247, 0.19556, 0.0
UNDO, 1.0, 0.1607, 0.12329, 0.06509, 0.0, 1.0, 0.66474, 0.53851, 0.29202, 0.0
CHECKOUT, 1.0, 0.48495, 0.30329, 0.00584, 0.0, 0.35958, 0.30351, 0.23947, 0.0, 1.0
CHECKOUT, 1.0, 0.5844, 0.45465, 0.16487, 0.0, 0.39345, 0.32664, 0.26048, 0.0, 1.0
CHECKOUT, 1.0, 0.55156, 0.41838, 0.16978, 0.0, 0.12386, 0.29891, 0.23191, 0.0, 1.0
CASH, 1.0, 0.30529, 0.0, 0.31094, 0.30887, 1.0, 0.60388, 0.60699, 0.0, 0.08563
CASH, 0.48796, 1.0, 0.58973, 0.0, 0.45285, 0.76598, 0.78568, 1.0, 0.0, 0.11282
CASH, 1.0, 0.0, 0.23976, 0.46286, 0.49666, 1.0, 0.80079, 0.81827, 0.0, 0.09602
CREDIT, 1.0, 0.66927, 0.60753, 0.34859, 0.0, 1.0, 0.92262, 0.22305, 0.10069, 0.0
CREDIT, 1.0, 0.80179, 0.73068, 0.4312, 0.0, 1.0, 0.92919, 0.29051, 0.15687, 0.0
CREDIT, 1.0, 0.85796, 0.70767, 0.37734, 0.0, 0.77222, 1.0, 0.38282, 0.19276, 0.0
INIT, 0.0, 0.80369, 1.0, 0.84454, 0.49994, 0.0, 0.8299, 1.0, 0.83294, 0.51757
INIT, 0.0, 0.8123, 1.0, 0.80617, 0.4332, 0.0, 0.83169, 1.0, 0.83144, 0.50397
INIT, 0.0, 0.8181, 1.0, 0.84261, 0.52139, 0.0, 0.83872, 1.0, 0.84572, 0.5481
ALCOHOL, 0.21138, 1.0, 0.34252, 0.18153, 0.0, 1.0, 0.45281, 0.27942, 0.0, 0.00078
ALCOHOL, 0.27464, 1.0, 0.2619, 0.11795, 0.0, 1.0, 0.46797, 0.27987, 0.0, 0.01847
ALCOHOL, 0.29337, 1.0, 0.32501, 0.15791, 0.0, 1.0, 0.46239, 0.28037, 0.00111, 0.0
NON-ALCOHOL, 0.08942, 1.0, 0.98037, 0.02168, 0.0, 1.0, 0.53466, 0.30629, 0.0, 0.2606
NON-ALCOHOL, 0.0, 1.0, 0.98416, 0.20789, 0.09615, 1.0, 0.5312, 0.31349, 0.0, 0.23862
NON-ALCOHOL, 0.0, 1.0, 0.99633, 0.17186, 0.03276, 1.0, 0.53801, 0.32926, 0.0, 0.18663
FOOD, 0.0, 0.89665, 1.0, 0.94534, 0.05054, 1.0, 0.52622, 0.30985, 0.0, 0.16218
FOOD, 0.0, 0.92332, 1.0, 0.95646, 0.21233, 1.0, 0.44922, 0.26371, 0.0, 0.07986
FOOD, 0.05362, 0.91802, 1.0, 0.94078, 0.0, 1.0, 0.38484, 0.18353, 0.0, 0.20867
UNDO, 1.0, 0.09404, 0.03077, 0.0, 0.02751, 1.0, 0.79221, 0.47753, 0.00695, 0.0
UNDO, 1.0, 0.10158, 0.0, 0.00028, 0.08797, 1.0, 0.85219, 0.5645, 0.04187, 0.0
UNDO, 1.0, 0.28524, 0.18572, 0.0, 0.03776, 1.0, 0.85769, 0.57156, 0.11406, 0.0
CHECKOUT, 0.70872, 0.0, 0.33561, 0.7012, 1.0, 1.0, 0.18376, 0.0927, 0.03076, 0.0
CHECKOUT, 0.44545, 0.0, 0.38169, 0.71734, 1.0, 1.0, 0.24215, 0.13867, 0.0, 0.15356
CHECKOUT, 0.92612, 0.0, 0.38318, 0.68773, 1.0, 1.0, 0.17306, 0.07206, 0.0, 0.02774
CASH, 0.0, 1.0, 0.23643, 0.14289, 0.61872, 1.0, 0.13307, 0.0, 0.04459, 0.21786
CASH, 0.0, 1.0, 0.35345, 0.26456, 0.65553, 1.0, 0.28887, 0.0, 0.00315, 0.12893
CASH, 0.0, 1.0, 0.26196, 0.19162, 0.58668, 1.0, 0.20348, 0.0, 0.40533, 0.40718
CREDIT, 1.0, 0.94254, 0.51808, 0.0, 0.13027, 0.29197, 1.0, 0.20408, 0.10835, 0.0
CREDIT, 0.2948, 0.0, 0.22248, 0.74988, 1.0, 0.92709, 0.37182, 1.0, 0.0, 0.17836
CREDIT, 0.21327, 0.0, 0.42945, 0.95808, 1.0, 0.8392, 0.14582, 1.0, 0.0, 0.17533
INIT, 0.0, 0.8047, 1.0, 0.87952, 0.61593, 0.0, 0.90579, 1.0, 0.87771, 0.70692
INIT, 0.0, 0.78524, 1.0, 0.8891, 0.61132, 0.0, 0.90401, 1.0, 0.87068, 0.70274
INIT, 0.0, 0.77855, 1.0, 0.89027, 0.54896, 0.0, 0.87881, 1.0, 0.89175, 0.67143
ALCOHOL, 0.40003, 1.0, 0.21175, 0.04626, 0.0, 1.0, 0.31192, 0.0, 0.10299, 0.18486
ALCOHOL, 0.40433, 1.0, 0.21507, 0.05311, 0.0, 1.0, 0.31499, 0.0, 0.01425, 0.30834
ALCOHOL, 0.43178, 1.0, 0.23242, 0.07977, 0.0, 1.0, 0.2423, 0.0, 0.00631, 0.30105
NON-ALCOHOL, 0.06774, 0.97236, 1.0, 0.06461, 0.0, 1.0, 0.34325, 0.0, 0.14475, 0.26042
NON-ALCOHOL, 0.01437, 0.97692, 1.0, 0.07388, 0.0, 1.0, 0.45619, 0.18732, 0.0, 0.40893
NON-ALCOHOL, 0.06827, 0.98984, 1.0, 0.07358, 0.0, 1.0, 0.39346, 0.0, 0.02458, 0.11765
FOOD, 0.0, 0.96143, 1.0, 0.93672, 0.06887, 1.0, 0.17152, 0.0, 0.12883, 0.41958
FOOD, 0.0, 0.95426, 1.0, 0.89558, 0.04679, 1.0, 0.20518, 0.0, 0.07953, 0.17443
FOOD, 0.0, 0.9546, 1.0, 0.89464, 0.06497, 1.0, 0.89064, 0.49336, 0.0, 0.02674
UNDO, 1.0, 0.35094, 0.27983, 0.18195, 0.0, 1.0, 0.31431, 0.0, 0.22406, 0.46861
UNDO, 1.0, 0.37528, 0.33523, 0.20203, 0.0, 1.0, 0.34731, 0.0, 0.23918, 0.39976
UNDO, 1.0, 0.33495, 0.29886, 0.18443, 0.0, 1.0, 0.31755, 0.01039, 0.0, 0.25423
CHECKOUT, 1.0, 0.93596, 0.71964, 0.28164, 0.0, 1.0, 0.09079, 0.0, 0.04948, 0.07044
CHECKOUT, 1.0, 0.82403, 0.59254, 0.19751, 0.0, 1.0, 0.24178, 0.15722, 0.0, 0.15067
CHECKOUT, 1.0, 0.73077, 0.49148, 0.15917, 0.0, 1.0, 0.27517, 0.17212, 0.0, 0.11678
CASH, 0.14156, 1.0, 0.01856, 0.0, 0.71225, 1.0, 0.54717, 0.28095, 0.0, 0.12827
CASH, 0.20838, 1.0, 0.0, 0.01388, 0.71111, 1.0, 0.59775, 0.29141, 0.0, 0.15208
CASH, 0.24436, 1.0, 0.0, 0.00216, 0.70704, 1.0, 0.34034, 0.13293, 0.0, 0.20839
CREDIT, 1.0, 0.23372, 0.09099, 0.0, 0.13327, 0.90047, 1.0, 0.30436, 0.14001, 0.0
CREDIT, 1.0, 0.20162, 0.09278, 0.0, 0.03875, 1.0, 0.98233, 0.31854, 0.15363, 0.0
CREDIT, 1.0, 0.14715, 0.03821, 0.0046, 0.0, 0.98023, 1.0, 0.31768, 0.13734, 0.0
INIT, 0.0, 0.84181, 1.0, 0.78649, 0.28109, 0.0, 0.73087, 1.0, 0.73454, 0.25377
INIT, 0.0, 0.85883, 1.0, 0.7564, 0.19323, 0.0, 0.73942, 1.0, 0.71328, 0.19675
INIT, 0.0, 0.84812, 1.0, 0.74364, 0.17228, 0.0, 0.73489, 1.0, 0.74822, 0.25219
ALCOHOL, 0.0, 1.0, 0.73261, 0.40864, 0.09137, 1.0, 0.99363, 0.93268, 0.40324, 0.0
ALCOHOL, 0.0, 1.0, 0.85393, 0.63386, 0.29038, 0.96409, 0.99379, 1.0, 0.49587, 0.0
ALCOHOL, 0.0, 1.0, 0.91545, 0.6173, 0.28687, 0.81519, 0.95585, 1.0, 0.49791, 0.0
NON-ALCOHOL, 0.32117, 0.9923, 1.0, 0.0, 0.0787, 1.0, 0.43976, 0.18027, 0.42556, 0.0
NON-ALCOHOL, 0.27652, 0.99294, 1.0, 0.0, 0.07403, 1.0, 0.29333, 0.0, 0.71865, 0.17786
NON-ALCOHOL, 0.28199, 0.99332, 1.0, 0.0, 0.07462, 1.0, 0.32386, 0.0, 0.91135, 0.27481
FOOD, 0.08001, 0.95887, 1.0, 0.92753, 0.0, 1.0, 0.30078, 0.0, 0.93653, 0.3687
FOOD, 0.01972, 0.95489, 1.0, 0.91376, 0.0, 1.0, 0.29833, 0.0, 0.97435, 0.38017
FOOD, 0.0, 0.94907, 1.0, 0.92152, 0.02562, 1.0, 0.30378, 0.0, 0.93598, 0.33648
UNDO, 1.0, 0.3859, 0.30204, 0.13032, 0.0, 1.0, 0.31775, 0.0, 0.9772, 0.36539
UNDO, 1.0, 0.42388, 0.33602, 0.1616, 0.0, 0.80404, 0.27228, 0.0, 1.0, 0.42461
UNDO, 1.0, 0.44845, 0.36, 0.14658, 0.0, 0.68791, 0.24927, 0.0, 1.0, 0.48636
CHECKOUT, 1.0, 0.73405, 0.53916, 0.13527, 0.0, 1.0, 0.16839, 0.02871, 0.0, 0.00446
CHECKOUT, 1.0, 0.61309, 0.41384, 0.05227, 0.0, 1.0, 0.21128, 0.08753, 0.034, 0.0
CHECKOUT, 1.0, 0.7499, 0.50718, 0.05432, 0.0, 1.0, 0.13581, 0.02973, 0.0, 0.00953
CASH, 0.0, 1.0, 0.30449, 0.18786, 0.74143, 1.0, 0.55185, 0.34806, 0.0, 0.22426
CASH, 0.0, 1.0, 0.40589, 0.28307, 0.78374, 1.0, 0.54171, 0.35808, 0.0, 0.23651
CASH, 0.0, 1.0, 0.43374, 0.30558, 0.77189, 1.0, 0.43366, 0.22832, 0.0, 0.24912
CREDIT, 0.44428, 1.0, 0.80214, 0.3982, 0.0, 1.0, 0.94081, 0.07592, 0.0, 0.03273
CREDIT, 0.53581, 1.0, 0.78708, 0.38134, 0.0, 1.0, 0.9217, 0.0, 0.0436, 0.13605
CREDIT, 0.38138, 1.0, 0.7732, 0.38998, 0.0, 1.0, 0.93976, 0.0, 0.07095, 0.18014
INIT, 0.0, 0.90453, 1.0, 0.82673, 0.47672, 0.0, 0.91592, 1.0, 0.76523, 0.38039
INIT, 0.0, 0.90179, 1.0, 0.83479, 0.48903, 0.0, 0.9175, 1.0, 0.76781, 0.38353
INIT, 0.0, 0.89625, 1.0, 0.76103, 0.34528, 0.0, 0.84246, 1.0, 0.6974, 0.12174
ALCOHOL, 0.42958, 1.0, 0.11529, 0.0, 0.11407, 1.0, 0.27831, 0.13059, 0.0, 0.15676
ALCOHOL, 0.50739, 1.0, 0.0, 0.11147, 0.19978, 1.0, 0.18464, 0.0, 0.25642, 0.4239
ALCOHOL, 0.45053, 1.0, 0.0, 0.12478, 0.19363, 1.0, 0.0, 0.19943, 0.44641, 0.58844
NON-ALCOHOL, 0.22634, 0.94405, 1.0, 0.01358, 0.0, 1.0, 0.0, 0.15933, 0.59268, 0.95723
NON-ALCOHOL, 0.08918, 0.96756, 1.0, 0.05345, 0.0, 1.0, 0.76789, 0.40567, 0.08138, 0.0
NON-ALCOHOL, 0.12508, 0.97401, 1.0, 0.068, 0.0, 1.0, 0.71671, 0.41257, 0.07021, 0.0
FOOD, 0.0, 0.96351, 1.0, 0.98518, 0.09982, 1.0, 0.72402, 0.44017, 0.10122, 0.0
FOOD, 0.0, 0.95804, 1.0, 0.97009, 0.04154, 1.0, 0.74259, 0.48086, 0.14012, 0.0
FOOD, 0.0, 0.95769, 1.0, 0.96831, 0.04261, 1.0, 0.73942, 0.46118, 0.1064, 0.0
FOOD, 0.0, 0.97054, 1.0, 0.9584, 0.09126, 1.0, 0.84594, 0.86597, 0.0, 0.31778
UNDO, 1.0, 0.15208, 0.05473, 0.0, 0.10633, 1.0, 0.0, 0.1536, 0.27678, 0.51524
UNDO, 1.0, 0.14016, 0.05449, 0.0, 0.08067, 1.0, 0.0, 0.30954, 0.56311, 0.6945
UNDO, 1.0, 0.1461, 0.0578, 0.0, 0.09812, 1.0, 0.16775, 0.0, 0.08531, 0.303
CHECKOUT, 1.0, 0.19247, 0.03662, 0.0, 0.24474, 1.0, 0.12461, 0.00607, 0.0, 0.15963
CHECKOUT, 1.0, 0.23943, 0.09835, 0.0, 0.17376, 1.0, 0.10895, 0.0, 0.03336, 0.164
CHECKOUT, 1.0, 0.22721, 0.0732, 0.0, 0.21363, 1.0, 0.12256, 0.0, 0.01471, 0.17304
CASH, 0.15945, 1.0, 0.1206, 0.0, 0.91697, 1.0, 0.08288, 0.0, 0.54891, 0.75444
CASH, 0.25529, 1.0, 0.12551, 0.0, 0.90796, 1.0, 0.15578, 0.0, 0.08591, 0.33935
CASH, 0.21244, 1.0, 0.12363, 0.0, 0.8803, 1.0, 0.13481, 0.0, 0.32464, 0.58661
CREDIT, 0.47791, 0.0, 0.16069, 0.7145, 1.0, 0.97307, 1.0, 0.16345, 0.05505, 0.0
CREDIT, 0.53706, 0.21187, 0.7028, 1.0, 0.0, 0.96367, 1.0, 0.13424, 0.0445, 0.0
CREDIT, 1.0, 0.43431, 0.22681, 0.0, 0.18528, 0.95178, 1.0, 0.0, 0.02305, 0.10217
INIT, 0.0, 0.89477, 1.0, 0.74623, 0.32197, 0.0, 0.90298, 1.0, 0.77082, 0.42665
INIT, 0.0, 0.90491, 1.0, 0.73138, 0.28722, 0.0, 0.90468, 1.0, 0.76674, 0.42399
INIT, 0.0, 0.90384, 1.0, 0.73197, 0.27812, 0.0, 0.90179, 1.0, 0.77389, 0.43958
ALCOHOL, 0.21795, 1.0, 0.3441, 0.22079, 0.0, 1.0, 0.97013, 0.73093, 0.36195, 0.0
ALCOHOL, 0.21748, 1.0, 0.34624, 0.22015, 0.0, 0.89, 1.0, 0.76155, 0.40646, 0.0
ALCOHOL, 0.25078, 1.0, 0.387, 0.21949, 0.0, 1.0, 0.98121, 0.71891, 0.36553, 0.0
NON-ALCOHOL, 0.14505, 0.97473, 1.0, 0.0, 0.01261, 0.99573, 1.0, 0.93612, 0.56157, 0.0
NON-ALCOHOL, 0.08594, 0.97613, 1.0, 0.0, 0.0059, 0.90394, 1.0, 0.9672, 0.60613, 0.0
NON-ALCOHOL, 0.08598, 0.97733, 1.0, 0.0, 0.00378, 1.0, 0.90164, 0.85676, 0.48992, 0.0
FOOD, 0.26733, 0.95789, 1.0, 0.95473, 0.0, 0.82158, 0.94955, 1.0, 0.62121, 0.0
FOOD, 0.25784, 0.95462, 1.0, 0.94772, 0.0, 0.90264, 0.98717, 1.0, 0.60237, 0.0
FOOD, 0.25846, 0.95472, 1.0, 0.94651, 0.0, 0.92778, 1.0, 0.95817, 0.55868, 0.0
UNDO, 1.0, 0.42267, 0.33873, 0.19643, 0.0, 1.0, 0.90215, 0.94318, 0.6099, 0.0
UNDO, 1.0, 0.3357, 0.24539, 0.18471, 0.0, 1.0, 0.80236, 0.87516, 0.62175, 0.0
UNDO, 1.0, 0.32558, 0.23702, 0.18192, 0.0, 0.60013, 0.82096, 1.0, 0.60264, 0.0
CHECKOUT, 1.0, 0.60976, 0.44436, 0.3696, 0.0, 1.0, 0.63096, 0.57504, 0.30055, 0.0
CHECKOUT, 1.0, 0.66185, 0.45103, 0.29497, 0.0, 1.0, 0.61094, 0.56146, 0.29467, 0.0
CHECKOUT, 1.0, 0.59124, 0.33951, 0.1541, 0.0, 1.0, 0.5982, 0.55686, 0.30389, 0.0
CASH, 0.37822, 1.0, 0.16228, 0.0, 0.71921, 0.51459, 1.0, 0.96045, 0.57756, 0.0
CASH, 0.38193, 1.0, 0.16055, 0.0, 0.73415, 0.40233, 1.0, 0.97164, 0.58564, 0.0
CASH, 0.17594, 1.0, 0.19373, 0.0, 0.67406, 1.0, 0.87024, 0.83271, 0.48308, 0.0
CREDIT, 0.44818, 0.43308, 0.26287, 1.0, 0.0, 0.9767, 1.0, 0.0, 0.12088, 0.16936
CREDIT, 0.67529, 0.23687, 0.06443, 1.0, 0.0, 0.95467, 1.0, 0.0, 0.11405, 0.14787
CREDIT, 0.76768, 0.29551, 0.115, 1.0, 0.0, 0.93704, 1.0, 0.0, 0.11256, 0.14183
CREDIT, 1.0, 0.64876, 0.60215, 0.33564, 0.0, 0.99019, 1.0, 0.88635, 0.1779, 0.0
CREDIT, 1.0, 0.53192, 0.45468, 0.22135, 0.0, 1.0, 0.96659, 0.86276, 0.13348, 0.0
CREDIT, 0.55967, 0.85081, 1.0, 0.63157, 0.0, 1.0, 0.84095, 0.89087, 0.09229, 0.0
CREDIT, 0.3908, 0.89867, 1.0, 0.51709, 0.0, 0.88003, 1.0, 0.21577, 0.12336, 0.0
CREDIT, 1.0, 0.73001, 0.64008, 0.32274, 0.0, 0.98429, 1.0, 0.02623, 0.0, 0.1258
CREDIT, 1.0, 0.28892, 0.00305, 0.0, 0.31398, 0.91689, 1.0, 0.24245, 0.06475, 0.0
INIT, 0.0, 0.76167, 1.0, 0.69618, 0.08283, 0.099, 0.73507, 1.0, 0.61178, 0.0
INIT, 0.07099, 0.79245, 1.0, 0.64256, 0.0, 0.0, 0.74038, 1.0, 0.64964, 0.04645
INIT, 0.05143, 0.77786, 1.0, 0.64936, 0.0, 0.03887, 0.71754, 1.0, 0.60573, 0.0
ALCOHOL, 0.38859, 1.0, 0.26548, 0.09422, 0.0, 1.0, 0.47483, 0.35896, 0.20174, 0.0
ALCOHOL, 0.37919, 1.0, 0.25778, 0.09279, 0.0, 1.0, 0.40439, 0.30807, 0.1569, 0.0
ALCOHOL, 0.38686, 1.0, 0.28994, 0.12013, 0.0, 1.0, 0.42147, 0.2697, 0.09567, 0.0
NON-ALCOHOL, 0.33956, 0.96609, 1.0, 0.0, 0.05379, 1.0, 0.40168, 0.2431, 0.01664, 0.0
NON-ALCOHOL, 0.34252, 0.96589, 1.0, 0.0, 0.04621, 1.0, 0.37031, 0.15876, 0.0, 0.10371
NON-ALCOHOL, 0.27352, 0.96946, 1.0, 0.052, 0.0, 1.0, 0.38177, 0.19051, 0.0, 0.02642
FOOD, 0.16411, 0.94428, 1.0, 0.93759, 0.0, 1.0, 0.39007, 0.21851, 0.0, 0.07392
FOOD, 0.22687, 0.94726, 1.0, 0.93872, 0.0, 1.0, 0.31934, 0.14458, 0.0, 0.04056
FOOD, 0.29628, 0.94684, 1.0, 0.93482, 0.0, 1.0, 0.32974, 0.15181, 0.0, 0.00487
UNDO, 1.0, 0.20826, 0.14827, 0.02477, 0.0, 1.0, 0.20674, 0.04582, 0.0, 0.04739
UNDO, 1.0, 0.25017, 0.17281, 0.07978, 0.0, 1.0, 0.28683, 0.07783, 0.0, 0.01899
UNDO, 1.0, 0.21998, 0.14068, 0.06937, 0.0, 1.0, 0.28611, 0.13884, 0.0, 0.02293
CHECKOUT, 1.0, 0.63904, 0.49106, 0.35963, 0.0, 1.0, 0.14555, 0.09257, 0.00548, 0.0
CHECKOUT, 1.0, 0.03729, 0.0, 0.19119, 0.44724, 1.0, 0.11876, 0.06862, 0.0, 0.01468
CHECKOUT, 1.0, 0.32599, 0.13585, 0.19382, 0.0, 1.0, 0.10362, 0.05514, 0.0, 0.02574
CASH, 0.30011, 1.0, 0.16579, 0.0, 0.86708, 1.0, 0.41971, 0.29804, 0.0, 0.23073
CASH, 0.34024, 1.0, 0.15384, 0.0, 0.8516, 1.0, 0.39696, 0.26634, 0.0, 0.23122
CASH, 0.33868, 1.0, 0.11042, 0.0, 0.82036, 1.0, 0.38186, 0.25753, 0.0, 0.25226
CREDIT, 1.0, 0.3436, 0.22076, 0.10017, 0.0, 1.0, 0.98994, 0.16705, 0.05381, 0.0
CREDIT, 1.0, 0.21671, 0.12566, 0.06723, 0.0, 1.0, 0.99109, 0.14776, 0.02816, 0.0
CREDIT, 1.0, 0.19027, 0.11596, 0.13796, 0.0, 1.0, 0.99677, 0.14795, 0.03221, 0.0
INIT, 0.0, 0.80397, 1.0, 0.71109, 0.28735, 0.0, 0.84676, 1.0, 0.6754, 0.24034
INIT, 0.0, 0.8069, 1.0, 0.71021, 0.28517, 0.0, 0.8521, 1.0, 0.67528, 0.2376
INIT, 0.0, 0.80913, 1.0, 0.71037, 0.28922, 0.0, 0.85814, 1.0, 0.67585, 0.23991
ALCOHOL, 0.44676, 1.0, 0.17322, 0.0, 0.11914, 0.43713, 1.0, 0.85659, 0.21719, 0.0
ALCOHOL, 0.39173, 1.0, 0.15609, 0.0, 0.10944, 0.43515, 1.0, 0.86362, 0.09082, 0.0
ALCOHOL, 0.42519, 1.0, 0.17179, 0.0, 0.10004, 0.5223, 1.0, 0.87907, 0.0, 0.01388
NON-ALCOHOL, 0.14913, 0.97571, 1.0, 0.0, 0.03618, 0.57161, 1.0, 0.85524, 0.0, 0.04542
NON-ALCOHOL, 0.13014, 0.97548, 1.0, 0.0, 0.04798, 0.66347, 1.0, 0.85702, 0.0, 0.05135
NON-ALCOHOL, 0.10385, 0.97566, 1.0, 0.0, 0.06058, 0.64796, 1.0, 0.87218, 0.0, 0.05973
FOOD, 0.27382, 0.95922, 1.0, 0.94333, 0.0, 0.69667, 1.0, 0.86358, 0.0, 0.06391
FOOD, 0.3065, 0.95671, 1.0, 0.93879, 0.0, 0.67719, 1.0, 0.85642, 0.0, 0.06934
FOOD, 0.36021, 0.95356, 1.0, 0.93454, 0.0, 0.70095, 1.0, 0.85379, 0.0, 0.0657
UNDO, 1.0, 0.03706, 0.0, 0.02418, 0.10095, 0.61002, 1.0, 0.80308, 0.03136, 0.0
UNDO, 1.0, 0.03561, 0.0, 0.00693, 0.07725, 0.58258, 1.0, 0.78113, 0.0, 0.04687
UNDO, 1.0, 0.02174, 0.0, 0.04381, 0.14369, 0.52719, 1.0, 0.78475, 0.0, 0.01597
CHECKOUT, 1.0, 0.0, 0.02485, 0.2571, 0.47352, 1.0, 0.2468, 0.14383, 0.0, 0.06683
CHECKOUT, 1.0, 0.0511, 0.0, 0.05955, 0.13152, 1.0, 0.20835, 0.10692, 0.0, 0.08651
CHECKOUT, 1.0, 0.13493, 0.0, 0.12984, 0.24886, 1.0, 0.21212, 0.08857, 0.0, 0.1007
CASH, 0.29326, 1.0, 0.13421, 0.0, 0.83172, 1.0, 0.39604, 0.12682, 0.0, 0.17591
CASH, 0.30693, 1.0, 0.14775, 0.0, 0.83191, 1.0, 0.45461, 0.1403, 0.0, 0.1695
CASH, 0.29687, 1.0, 0.12135, 0.0, 0.8342, 1.0, 0.42085, 0.18933, 0.0, 0.16147
CREDIT, 0.62988, 1.0, 0.76345, 0.33786, 0.0, 0.89488, 1.0, 0.0, 0.08854, 0.16218
CREDIT, 0.67878, 1.0, 0.78677, 0.30193, 0.0, 0.89372, 1.0, 0.0, 0.08672, 0.15633
CREDIT, 0.66493, 1.0, 0.79642, 0.3035, 0.0, 0.90531, 1.0, 0.0, 0.08204, 0.15151
INIT, 0.0, 0.86253, 1.0, 0.78592, 0.42631, 0.0, 0.88799, 1.0, 0.76673, 0.405
INIT, 0.0, 0.83054, 1.0, 0.77137, 0.37995, 0.0, 0.86967, 1.0, 0.75431, 0.35295
INIT, 0.0, 0.82644, 1.0, 0.77397, 0.39149, 0.0, 0.86584, 1.0, 0.75912, 0.3625
ALCOHOL, 0.31917, 1.0, 0.01337, 0.0, 0.08847, 1.0, 0.66476, 0.5308, 0.1631, 0.0
ALCOHOL, 0.13349, 1.0, 0.0, 0.01088, 0.03165, 0.52809, 1.0, 0.83153, 0.41206, 0.0
ALCOHOL, 0.10951, 1.0, 0.00525, 0.00649, 0.0, 0.75601, 1.0, 0.81516, 0.32882, 0.0
NON-ALCOHOL, 0.0, 0.98471, 1.0, 0.07122, 0.09829, 1.0, 0.80296, 0.57822, 0.15705, 0.0
NON-ALCOHOL, 0.0, 0.98504, 1.0, 0.04524, 0.08278, 1.0, 0.7504, 0.60762, 0.23556, 0.0
NON-ALCOHOL, 0.0, 0.98447, 1.0, 0.04065, 0.07962, 1.0, 0.72944, 0.60577, 0.23991, 0.0
FOOD, 0.0, 0.98593, 1.0, 0.96187, 0.13821, 1.0, 0.60383, 0.35479, 0.0, 0.1441
FOOD, 0.0, 0.98162, 1.0, 0.945, 0.08815, 1.0, 0.61437, 0.29665, 0.13268, 0.0
FOOD, 0.0, 0.97693, 1.0, 0.93521, 0.09156, 1.0, 0.62878, 0.51474, 0.23727, 0.0
UNDO, 1.0, 0.30224, 0.25135, 0.11485, 0.0, 1.0, 0.78, 0.09986, 0.5766, 0.0
UNDO, 1.0, 0.33831, 0.29479, 0.15329, 0.0, 0.79189, 1.0, 0.333, 0.45855, 0.0
UNDO, 1.0, 0.34817, 0.30686, 0.16509, 0.0, 1.0, 0.75044, 0.34699, 0.33636, 0.0
CHECKOUT, 1.0, 0.0, 0.13849, 0.34036, 0.44651, 1.0, 0.19005, 0.12754, 0.08092, 0.0
CHECKOUT, 1.0, 0.0, 0.10678, 0.31606, 0.42531, 1.0, 0.17789, 0.12594, 0.07854, 0.0
CHECKOUT, 1.0, 0.0, 0.11809, 0.32685, 0.44934, 1.0, 0.15688, 0.12491, 0.06655, 0.0
CASH, 0.1586, 1.0, 0.05653, 0.0, 0.79007, 1.0, 0.38715, 0.29864, 0.1015, 0.0
CASH, 0.14179, 1.0, 0.05292, 0.0, 0.79548, 1.0, 0.3189, 0.30877, 0.16763, 0.0
CASH, 0.10438, 1.0, 0.06415, 0.0, 0.80081, 1.0, 0.16146, 0.10801, 0.06651, 0.0
CREDIT, 0.85766, 1.0, 0.83377, 0.09809, 0.0, 0.97538, 1.0, 0.18563, 0.1094, 0.0
CREDIT, 0.74557, 0.98578, 1.0, 0.15309, 0.0, 0.96248, 1.0, 0.20026, 0.11786, 0.0
CREDIT, 0.85895, 1.0, 0.93973, 0.25123, 0.0, 0.95983, 1.0, 0.19946, 0.11783, 0.0
CREDIT, 0.0, 0.67076, 1.0, 0.68474, 0.17541, 0.73484, 1.0, 0.0234, 0.0, 0.12412
CREDIT, 0.0, 0.67574, 1.0, 0.6808, 0.16606, 0.71968, 1.0, 0.02385, 0.0, 0.12459
CREDIT, 0.0, 0.67421, 1.0, 0.66879, 0.14802, 0.71222, 1.0, 0.02017, 0.0, 0.11898
CREDIT, 0.0, 0.68, 1.0, 0.66822, 0.14675, 0.64544, 1.0, 0.08663, 0.0, 0.12212
CREDIT, 1.0, 0.43744, 0.2974, 0.05816, 0.0, 0.97018, 1.0, 0.08383, 0.0, 0.10235
CREDIT, 1.0, 0.48076, 0.35383, 0.12608, 0.0, 0.98917, 1.0, 0.10955, 0.0, 0.02885
CREDIT, 1.0, 0.46536, 0.33933, 0.11022, 0.0, 1.0, 0.92191, 0.16416, 0.00658, 0.0
INIT, 0.0, 0.6199, 1.0, 0.71731, 0.0652, 0.31812, 0.71398, 1.0, 0.83354, 0.0
INIT, 0.01021, 0.56899, 1.0, 0.70768, 0.0, 0.0, 0.72155, 1.0, 0.66382, 0.12404
INIT, 0.0, 0.6158, 1.0, 0.72304, 0.03763, 0.07229, 0.71813, 1.0, 0.59576, 0.0
ALCOHOL, 0.23533, 1.0, 0.13978, 0.04336, 0.0, 0.65542, 1.0, 0.21445, 0.0, 0.15279
ALCOHOL, 0.34297, 1.0, 0.07825, 0.0, 0.10315, 0.69097, 1.0, 0.1644, 0.0, 0.2215
ALCOHOL, 0.26533, 1.0, 0.08279, 0.0, 0.11131, 0.74329, 1.0, 0.09182, 0.0, 0.30473
NON-ALCOHOL, 0.15323, 0.96334, 1.0, 0.0, 0.10716, 0.73296, 1.0, 0.11308, 0.0, 0.28329
NON-ALCOHOL, 0.14116, 0.96259, 1.0, 0.0, 0.08874, 0.64822, 1.0, 0.14563, 0.0, 0.23423
NON-ALCOHOL, 0.15436, 0.96081, 1.0, 0.0, 0.09378, 0.67576, 1.0, 0.15288, 0.0, 0.2693
FOOD, 0.0, 0.92734, 1.0, 0.94181, 0.21403, 0.76256, 1.0, 0.12512, 0.0, 0.29672
FOOD, 0.0, 0.92478, 1.0, 0.91538, 0.098, 0.73504, 1.0, 0.17643, 0.0, 0.23717
FOOD, 0.0, 0.91883, 1.0, 0.92823, 0.19365, 0.73922, 1.0, 0.13933, 0.0, 0.28444
UNDO, 1.0, 0.21609, 0.17854, 0.10233, 0.0, 0.8184, 1.0, 0.08314, 0.0, 0.34292
UNDO, 1.0, 0.30387, 0.27304, 0.07393, 0.0, 0.82493, 1.0, 0.10257, 0.0, 0.33538
UNDO, 1.0, 0.37255, 0.33201, 0.04031, 0.0, 0.81885, 1.0, 0.15416, 0.0, 0.30482
CHECKOUT, 0.2057, 1.0, 0.84701, 0.0, 0.13841, 1.0, 0.22943, 0.14821, 0.0, 0.03971
CHECKOUT, 0.41195, 1.0, 0.85255, 0.0, 0.18003, 1.0, 0.21933, 0.13801, 0.0, 0.03553
CHECKOUT, 0.26395, 1.0, 0.82795, 0.0, 0.13532, 1.0, 0.22949, 0.15897, 0.0, 0.02025
CASH, 0.30353, 1.0, 0.14022, 0.0, 0.85982, 1.0, 0.43718, 0.0, 0.11464, 0.27781
CASH, 0.25699, 1.0, 0.13183, 0.0, 0.85601, 1.0, 0.40108, 0.0, 0.22721, 0.36449
CASH, 0.24389, 1.0, 0.14185, 0.0, 0.86101, 1.0, 0.43675, 0.0, 0.11416, 0.37091
CREDIT, 1.0, 0.17633, 0.0, 0.19291, 0.33987, 0.87442, 0.90922, 1.0, 0.11168, 0.0
CREDIT, 1.0, 0.17566, 0.0, 0.19277, 0.33617, 0.86502, 0.91084, 1.0, 0.12126, 0.0
CREDIT, 1.0, 0.17647, 0.0, 0.19344, 0.32745, 0.85046, 0.90829, 1.0, 0.12766, 0.0
INIT, 0.0, 0.83424, 1.0, 0.80629, 0.43387, 0.0, 0.80593, 1.0, 0.73193, 0.24383
INIT, 0.0, 0.8262, 1.0, 0.82125, 0.46327, 0.0, 0.79658, 1.0, 0.74516, 0.26777
INIT, 0.0, 0.82758, 1.0, 0.81524, 0.45157, 0.0, 0.78959, 1.0, 0.75239, 0.28012
ALCOHOL, 0.39634, 1.0, 0.0, 0.09748, 0.1762, 1.0, 0.28757, 0.11293, 0.0, 0.18793
ALCOHOL, 0.39947, 1.0, 0.0, 0.11592, 0.19848, 1.0, 0.26949, 0.09169, 0.0, 0.17339
ALCOHOL, 0.42064, 1.0, 0.0, 0.13118, 0.22178, 1.0, 0.299, 0.09009, 0.0, 0.24426
NON-ALCOHOL, 0.03838, 0.97338, 1.0, 0.0, 0.0517, 1.0, 0.11753, 0.0, 0.01381, 0.22053
NON-ALCOHOL, 0.10224, 0.97503, 1.0, 0.0, 0.0747, 1.0, 0.15666, 0.01545, 0.0, 0.20592
NON-ALCOHOL, 0.0, 0.97803, 1.0, 0.13652, 0.29293, 1.0, 0.16322, 0.01023, 0.0, 0.20705
FOOD, 0.30647, 1.0, 0.99228, 0.93071, 0.0, 1.0, 0.16624, 0.0, 0.21682, 0.49556
FOOD, 0.10778, 0.91027, 1.0, 0.90281, 0.0, 0.9033, 1.0, 0.80592, 0.24996, 0.0
FOOD, 0.14976, 0.93379, 1.0, 0.91517, 0.0, 0.87295, 1.0, 0.76475, 0.34341, 0.0
FOOD, 0.17485, 0.93793, 1.0, 0.90432, 0.0, 1.0, 0.71617, 0.63684, 0.0, 0.04243
UNDO, 1.0, 7e-05, 0.0, 0.10985, 0.26772, 1.0, 0.49861, 0.44893, 0.0, 0.26272
UNDO, 1.0, 0.01393, 0.0, 0.11739, 0.27717, 1.0, 0.51277, 0.46131, 0.0, 0.24499
UNDO, 1.0, 0.01635, 0.0, 0.1167, 0.27634, 1.0, 0.56207, 0.49639, 0.0, 0.27496
CHECKOUT, 1.0, 0.36813, 0.24089, 0.0, 0.1866, 1.0, 0.07494, 0.0, 0.16127, 0.29782
CHECKOUT, 1.0, 0.34274, 0.19478, 0.0, 0.26226, 1.0, 0.10261, 0.0, 0.15383, 0.29326
CHECKOUT, 1.0, 0.32479, 0.18096, 0.0, 0.15564, 1.0, 0.09441, 0.0, 0.16984, 0.30344
CASH, 0.25491, 1.0, 0.05721, 0.0, 0.86291, 1.0, 0.15404, 0.0, 0.08313, 0.18084
CASH, 0.26565, 1.0, 0.08044, 0.0, 0.85357, 1.0, 0.16649, 0.0, 0.0731, 0.24459
CASH, 0.21282, 1.0, 0.06906, 0.0, 0.83036, 1.0, 0.16224, 0.0, 0.09324, 0.21882
CREDIT, 1.0, 0.66495, 0.5604, 0.23141, 0.0, 0.94095, 1.0, 0.18408, 0.05027, 0.0
CREDIT, 1.0, 0.7942, 0.64941, 0.21149, 0.0, 0.92702, 1.0, 0.21234, 0.0677, 0.0
CREDIT, 0.41554, 1.0, 0.76499, 0.36731, 0.0, 0.97055, 1.0, 0.0, 0.11898, 0.21626
CREDIT, 1.0, 0.85445, 0.70528, 0.38949, 0.0, 0.72297, 0.89912, 1.0, 0.0, 0.14697
INIT, 0.0, 0.863, 1.0, 0.78128, 0.42052, 0.0, 0.813, 1.0, 0.75209, 0.33037
INIT, 0.0, 0.86965, 1.0, 0.77158, 0.40103, 0.0, 0.8303, 1.0, 0.75454, 0.33903
INIT, 0.0, 0.87427, 1.0, 0.7653, 0.39621, 0.0, 0.84006, 1.0, 0.75647, 0.3403
ALCOHOL, 0.31055, 1.0, 0.27639, 0.171, 0.0, 1.0, 0.38574, 0.11807, 0.0, 0.26491
ALCOHOL, 0.29186, 1.0, 0.25687, 0.16423, 0.0, 1.0, 0.46172, 0.17617, 0.0, 0.14085
ALCOHOL, 0.24367, 1.0, 0.27322, 0.16272, 0.0, 1.0, 0.97406, 0.63787, 0.0, 0.10343
NON-ALCOHOL, 0.23857, 0.95977, 1.0, 0.0, 0.13015, 1.0, 0.27811, 0.01768, 0.0, 0.17042
NON-ALCOHOL, 0.25891, 0.9674, 1.0, 0.0, 0.12776, 1.0, 0.33753, 0.11225, 0.0, 0.17671
NON-ALCOHOL, 0.21159, 0.9671, 1.0, 0.0, 0.10954, 1.0, 0.42734, 0.23431, 0.0, 0.16899
FOOD, 0.0, 0.91901, 1.0, 0.90799, 0.09251, 1.0, 0.34014, 0.13245, 0.0, 0.26252
FOOD, 0.0, 0.92651, 1.0, 0.90966, 0.16884, 1.0, 0.20796, 0.0, 0.05041, 0.28944
FOOD, 0.0, 0.93797, 1.0, 0.90879, 0.22253, 1.0, 0.97048, 0.77918, 0.0, 0.03094
UNDO, 1.0, 0.40385, 0.34203, 0.18571, 0.0, 0.707, 1.0, 0.85578, 0.04826, 0.0
UNDO, 1.0, 0.39434, 0.33226, 0.17796, 0.0, 0.74129, 1.0, 0.85693, 0.04935, 0.0
UNDO, 1.0, 0.40644, 0.34862, 0.19084, 0.0, 0.74844, 1.0, 0.86024, 0.05463, 0.0
CHECKOUT, 1.0, 0.78127, 0.5352, 0.44199, 0.0, 1.0, 0.19281, 0.13295, 0.04139, 0.0
CHECKOUT, 1.0, 0.94632, 0.66955, 0.39907, 0.0, 1.0, 0.18771, 0.12049, 0.03362, 0.0
CHECKOUT, 1.0, 0.74675, 0.71055, 0.41985, 0.0, 1.0, 0.18613, 0.11529, 0.03133, 0.0
CASH, 0.42315, 1.0, 0.13768, 0.0, 0.7734, 0.0, 1.0, 0.9934, 0.828, 0.69435
CASH, 0.11275, 1.0, 0.15928, 0.0, 0.77488, 1.0, 0.21714, 0.14403, 0.00734, 0.0
CASH, 0.0662, 1.0, 0.17187, 0.0, 0.75551, 1.0, 0.1636, 0.0, 0.08552, 0.32816
CREDIT, 1.0, 0.90785, 0.83421, 0.56445, 0.0, 0.85931, 0.91779, 1.0, 0.13866, 0.0
CREDIT, 1.0, 0.8626, 0.79591, 0.49167, 0.0, 0.8401, 0.9151, 1.0, 0.16848, 0.0
CREDIT, 1.0, 0.52418, 0.42139, 0.23286, 0.0, 0.83837, 0.91318, 1.0, 0.1714, 0.0
CREDIT, 1.0, 0.28424, 0.33163, 0.2963, 0.0, 0.96076, 1.0, 0.13882, 0.06378, 0.0
CREDIT, 1.0, 0.25227, 0.30149, 0.29206, 0.0, 0.96891, 1.0, 0.13146, 0.06243, 0.0
CREDIT, 1.0, 0.26132, 0.31652, 0.29126, 0.0, 1.0, 0.98702, 0.10296, 0.03326, 0.0
